2009 11 17  14 52 55.093  2  17 46 23.96  -10 39 17.5  125 44 5   212 32 36  500 500  2005MC.20091117.145256
2009 11 17  15 04 48.937  2  19 24 27.14  -24 22 49.5  147 16 28  226 13 57  500 500  27234.20091117.150450
2009 11 17  15 17 05.962  2  15 18 39.83  +32 14 28.3  82  50 49  169 42 30  500 500  5143.20091117.151706
2009 11 17  15 29 53.998  2  19 25 25.91  -21 09 08.2  141 13 36  223 0  25  500 500  20460.20091117.152955
2009 11 17  15 40 42.737  2  18 35 19.93  -10 56 48.3  125 59 15  212 49 22  500 500  143947.20091117.154047
2009 11 17  15 51 42.694  2  17 37 23.95  +08 38 22.1  108 45 25  193 16 12  500 500  19844.20091117.155150
2009 11 17  16 00 25.451  2  17 37 23.20  +08 38 26.9  106 34 22  193 16 2   500 500  19844.20091117.160032
2009 11 17  16 13 24.883  2  20 45 13.65  -21 59 50.7  150 15 28  223 50 23  500 500  52762.20091117.161331
2009 11 17  16 22 16.818  2  20 45 14.92  -21 59 52.4  148 2  33  223 50 19  500 500  2100.20091117.162219
2009 11 17  16 30 44.826  2  20 45 14.13  -22 00 00.1  145 55 8   223 50 22  500 500  2100.20091117.163047
2009 11 17  16 39 26.554  2  20 45 12.77  -21 59 42.4  143 44 52  223 49 59  500 500  2100.20091117.163926
2009 11 17  16 52 38.093  2  16 02 13.37  +45 30 56.1  69  53 17  156 25 43  500 500  155334.20091117.165241
2009 11 17  17 03 20.337  2  16 02 04.57  +45 30 34.4  67  10 14  156 25 53  500 500  2005EF169.20091117.170323
2009 11 17  17 07 03.981  2  16 02 07.07  +45 30 29.4  66  14 0   156 25 53  500 500  164121.20091117.170705
2009 11 17  17 13 51.668  2  19 01 22.20  +09 52 39.8  109 9  29  192 0  46  500 500  5786.20091117.171356
2009 11 17  17 22 54.810  2  19 01 23.08  +09 52 55.6  106 53 43  192 0  25  500 500  2008CM.20091117.172304
2009 11 17  17 31 31.650  2  19 01 25.03  +09 52 48.1  104 44 49  192 0  27  500 500  2008CM.20091117.173134
2009 11 17  17 43 23.440  2  21 23 37.28  -16 25 08.5  137 18 4   218 15 26  500 500  Elara.20091117.174334
2009 11 17  17 52 15.075  2  21 23 37.33  -16 24 57.5  135 4  57  218 15 10  500 500  Himalia.20091117.175221
2009 11 17  17 56 34.588  2  21 23 37.06  -16 25 01.1  133 59 54  218 15 11  500 500  Himalia.20091117.175637
2009 11 17  18 03 16.534  2  21 22 40.62  -15 21 14.4  132 5  4   217 11 28  500 500  Pasiphae.20091117.180321
2009 11 17  18 13 11.155  2  21 43 24.21  -16 00 51.6  134 46 44  217 50 56  500 500  5626.20091117.181312
2009 11 17  18 21 44.386  2  21 43 27.81  -16 00 53.9  132 38 39  217 50 53  500 500  5626.20091117.182145
2009 11 17  18 32 50.087  2  21 44 16.13  -14 03 34.6  130 4  19  215 53 41  500 500  Neptune.20091117.183258
2009 11 17  18 36 59.907  2  21 27 11.57  -10 40 39.4  124 45 42  212 31 4   500 500  Neptune.20091117.183707
2009 11 17  18 41 42.212  2  19 22 04.75  +25 43 29.4  92  22 4   176 10 4   500 500  3552.20091117.184149
2009 11 17  18 46 36.196  2  19 22 07.10  +25 44 19.7  91  9  3   176 9  9   500 500  36284.20091117.184642
2009 11 17  18 53 37.739  2  21 25 25.12  -04 39 26.1  120 8  56  206 30 17  500 500  36284.20091117.185347
2009 11 17  18 58 51.642  2  21 25 23.85  -04 39 30.2  118 50 2   206 30 18  500 500  1992RN1.20091117.185856
2009 11 17  19 05 00.123  2  21 39 44.30  -07 11 01.4  120 52 50  209 1  32  500 500  4015.20091117.190501
2009 11 17  19 12 12.756  2  22 37 29.93  -16 20 56.7  133 30 21  218 10 33  500 500  1992RN1.20091117.191219
2009 11 17  19 23 54.531  2  23 11 57.65  -15 58 28.4  139 10 52  217 48 9   500 500  2000CO101.20091117.192404
2009 11 17  19 34 43.573  2  23 11 56.85  -15 58 34.7  136 28 15  217 48 11  500 500  2000CO101.20091117.193444
2009 11 17  19 45 22.416  2  23 11 57.02  -15 58 43.9  133 48 12  217 48 14  500 500  3361.20091117.194530
2009 11 17  19 56 10.623  2  00 30 09.90  -25 30 47.3  150 38 22  227 19 42  500 500  162181.20091117.195619
2009 11 17  20 05 00.529  2  21 56 42.95  +03 46 11.6  110 5  33  198 4  44  500 500  433.20091117.200503
2009 11 17  20 10 03.368  2  22 28 32.05  -02 11 36.7  116 46 23  204 2  4   500 500  1865.20091117.201009
2009 11 17  20 28 24.463  2  17 50 50.40  +56 23 04.7  43  5  48  145 31 26  500 500  1865.20091117.202834
2009 11 17  20 36 31.866  2  23 55 47.54  -16 00 21.9  131 56 23  217 49 42  500 500  1943.20091117.203637
2009 11 17  20 47 19.467  2  00 31 55.60  -14 58 33.0  138 15 28  216 48 13  500 500  177614.20091117.204722
2009 11 17  20 50 15.363  2  00 31 57.35  -14 58 34.2  137 31 51  216 48 13  500 500  177614.20091117.205018
2009 11 17  20 54 53.290  2  23 34 16.44  -03 38 41.6  121 57 43  205 28 56  500 500  54465.20091117.205454
2009 11 17  21 03 42.606  2  23 34 12.14  -03 38 32.7  119 44 12  205 28 43  500 500  Uranus.20091117.210343
2009 11 17  21 06 57.725  2  23 36 51.86  -03 06 42.5  119 35 14  204 56 55  500 500  54465.20091117.210707
2009 11 17  21 12 01.034  2  01 48 45.18  -25 13 19.6  151 15 57  227 2  36  500 500  138883.20091117.211211
2009 11 17  21 22 50.628  2  23 16 47.68  +04 29 09.5  110 36 11  197 21 25  500 500  17511.20091117.212256
2009 11 17  21 33 56.541  2  01 05 09.08  -16 48 51.7  134 52 51  218 38 19  500 500  218863.20091117.213358
2009 11 17  21 46 55.436  2  19 57 01.21  +54 54 12.7  54  56 45  146 58 48  500 500  2004RD84.20091117.214701
2009 11 17  21 59 18.191  2  23 04 21.84  +17 25 24.9  98  23 34  184 25 40  500 500  16834.20091117.215926
2009 11 17  22 11 28.055  2  23 57 18.03  +04 29 30.9  108 32 43  197 20 54  500 500  2009SG2.20091117.221133
2009 11 17  22 18 37.448  2  19 57 00.72  +54 54 24.8  46  59 57  146 58 12  500 500  143678.20091117.221845
2009 11 17  22 27 50.202  2  19 57 00.03  +54 54 27.1  44  41 14  146 58 2   500 500  9202.20091117.222759
2009 11 17  22 39 54.895  2  23 28 41.05  +19 28 35.0  94  18 24  182 22 21  500 500  30825.20091117.224002
2009 11 17  22 50 44.138  2  00 10 55.38  +13 52 37.9  102 7  54  187 58 16  500 500  17274.20091117.225049
2009 11 17  23 00 29.557  2  00 10 00.94  +13 52 48.1  99  27 47  187 57 57  500 500  17274.20091117.230032
2009 11 17  23 13 17.617  2  02 13 10.92  -10 02 36.9  126 59 11  211 52 54  500 500  2005EO1.20091117.231327
2009 11 17  23 22 18.672  2  02 13 10.34  -10 02 45.2  124 43 35  211 52 58  500 500  1999HY1.20091117.232223
2009 11 17  23 33 28.878  2  00 19 51.29  +26 25 41.5  93  42 16  175 25 44  500 500  138184.20091117.233330
2009 11 17  23 42 50.605  2  00 19 52.68  +26 25 31.5  91  21 58  175 25 46  500 500  3553.20091117.234251
2009 11 17  23 51 51.352  2  00 19 50.78  +26 25 16.2  89  6  8   175 25 53  500 500  3553.20091117.235201
2009 11 18  00 03 45.324  2  02 39 04.59  -05 46 10.9  120 49 6   207 36 54  500 500  2008WB59.20091118.000349
2009 11 18  00 14 58.223  2  03 31 13.25  -12 16 06.3  131 1  39  214 7  3   500 500  136617.20091118.001508
2009 11 18  00 24 01.637  2  03 31 12.76  -12 16 12.5  128 45 28  214 7  5   500 500  2009NH.20091118.002412
2009 11 18  00 35 58.631  2  01 30 34.97  +18 00 46.1  95  41 32  183 50 22  500 500  154244.20091118.003606
2009 11 18  00 48 05.611  2  00 40 29.33  +35 16 23.8  80  13 54  166 34 54  500 500  2009RD4.20091118.004813
2009 11 18  00 50 30.706  2  00 40 29.18  +35 16 24.2  79  36 59  166 34 51  500 500  3200.20091118.005032
2009 11 18  01 00 57.901  2  21 48 08.79  +55 26 07.2  34  7  36  146 24 43  500 500  17493.20091118.010103
2009 11 18  01 09 35.212  2  21 47 38.12  +61 26 39.7  31  58 7   140 25 1   500 500  17493.20091118.010936
2009 11 18  01 22 35.652  2  02 57 59.83  +09 04 12.0  105 49 31  192 47 26  500 500  2004HM1.20091118.012236
2009 11 18  01 33 50.857  2  05 57 23.13  -23 28 27.2  147 46 30  225 20 37  500 500  85818.20091118.013400
2009 11 18  01 45 08.709  2  02 59 52.53  +15 20 43.6  100 39 58  186 31 13  500 500  17493.20091118.014518
2009 11 18  01 54 30.413  2  02 59 51.91  +15 20 34.9  98  19 14  186 31 14  500 500  217683.20091118.015438
2009 11 18  02 05 22.449  2  05 25 42.34  -15 56 55.6  131 58 5   217 48 59  500 500  2009RD4.20091118.020533
2009 11 18  02 11 44.507  2  01 51 09.83  +39 01 05.4  76  58 44  162 50 39  500 500  22771.20091118.021149
2009 11 18  02 20 17.823  2  01 51 09.05  +39 00 54.4  74  50 1   162 50 40  500 500  22771.20091118.022020
2009 11 18  02 48 36.566  2  02 39 58.21  +37 20 00.8  79  55 42  164 32 14  500 500  1999XS16.20091118.024840
2009 11 18  02 57 40.783  2  02 39 59.07  +37 20 09.4  77  39 40  164 31 55  500 500  624.20091118.025748
2009 11 18  03 02 02.628  2  02 39 58.26  +37 20 05.1  76  33 55  164 31 54  500 500  624.20091118.030205
2009 11 18  03 08 26.284  2  04 31 41.98  +11 13 10.0  102 43 48  190 39 40  500 500  2009QD34.20091118.030902
