2010 11 02  17 48 09.959  2  12 26 21.00  +61 06 51.1  17  5  4   140 58 5   495 580  89830.20101102.175024
2010 11 02  17 58 44.701  2  21 11 31.33  +04 48 49.7  145 23 19  196 56 13  522 558  241370.20101102.180056
2010 11 02  18 05 03.308  2  22 28 07.20  +05 46 29.6  162 56 12  195 59 4   509 501  143381.20101102.180818
2010 11 02  18 13 15.624  2  23 01 11.69  -16 04 20.1  169 9  44  217 48 58  532 536  12923.20101102.181626
2010 11 02  18 22 49.343  2  23 52 10.99  +09 27 28.9  179 31 58  192 19 47  602 444  153814.20101102.182600
2010 11 02  18 30 27.660  2  00 23 11.45  -03 19 36.9  185 18 44  205 6  15  516 466  65679.20101102.183344
2010 11 02  18 38 42.061  2  00 47 13.82  -19 16 54.4  189 16 50  221 3  0   585 473  9222.20101102.184049
2010 11 02  18 44 04.570  2  01 16 23.61  -24 48 51.8  195 12 35  226 35 39  475 475  2010TV149.20101102.184611
2010 11 02  18 50 30.389  2  01 18 43.88  -08 17 49.3  194 11 25  210 5  16  607 447  137062.20101102.185346
2010 11 02  19 02 43.039  1  01 49 50.54  +16 45 10.4  17  56 31  39  6  25  610 377  2010TC55.20101102.190453
2010 11 02  19 08 59.806  1  02 07 37.69  -15 04 23.6  20  42 37  7   15 57  642 492  25916.20101102.191212
2010 11 02  19 16 06.494  1  02 16 42.24  -13 34 41.5  21  12 22  8   44 47  630 530  2001TX44.20101102.191919
2010 11 02  19 24 15.830  1  02 26 43.59  -01 24 20.2  21  44 27  20  55 42  550 465  242211.20101102.192726
2010 11 02  19 33 07.768  1  02 40 29.42  +30 30 58.5  22  58 57  52  49 21  482 570  88959.20101102.193615
2010 11 02  19 40 46.401  1  03 01 09.19  +03 00 26.6  26  12 42  25  19 38  586 489  2002TY57.20101102.194400
2010 11 02  19 48 03.732  1  03 02 10.08  +15 25 50.9  24  38 50  37  44 38  581 517  2728.20101102.195011
2010 11 02  19 54 53.771  1  03 51 37.83  +03 26 00.1  35  16 24  25  43 24  625 485  219071.20101102.195805
2010 11 02  20 03 38.503  1  03 55 58.87  -16 43 17.9  34  5  30  5   34 19  636 487  248083.20101102.200554
2010 11 02  20 09 55.162  1  05 16 27.31  +09 39 38.2  52  43 29  31  53 5   632 559  100926.20101102.201305
2010 11 02  20 24 45.750  1  06 07 32.00  +01 35 16.3  61  45 9   23  48 52  601 453  153842.20101102.202802
2010 11 02  20 35 57.359  2  23 05 28.33  +23 58 04.3  134 30 2   177 47 46  507 544  2010_LY63.20101102.203807
2010 11 02  20 47 28.953  1  06 30 11.63  +59 46 54.0  61  31 14  81  54 11  600 589  2005QY151.20101102.205036
2010 11 03  01 44 02.228  2  03 51 06.30  +03 12 13.5  128 38 42  198 32 46  508 618  1997US9.20101103.014615
2010 11 03  02 01 41.417  2  03 31 14.38  +38 52 45.8  119 26 34  162 56 23  489 553  2004RJ217.20101103.020451
2010 11 03  02 12 16.608  1  10 04 01.52  +60 34 53.7  33  30 2   82  42 11  531 551  3122.20101103.021530
2010 11 03  02 21 48.067  1  10 31 54.82  +32 28 26.7  38  21 31  54  39 0   539 515  4954.20101103.022458
2010 11 03  17 05 35.156  2  18 39 09.55  -02 50 57.4  119 38 47  204 36 21  590 606  2007RU17.20101103.170851
2010 11 03  19 02 24.224  2  21 19 10.89  +04 19 07.8  130 20 54  197 25 7   451 602  241370.20101103.190441
2010 11 03  19 09 42.445  2  21 21 23.32  +46 35 19.3  129 16 26  155 13 43  548 594  2007VC138.20101103.191254
2010 11 03  19 18 02.946  2  22 29 42.80  +05 52 15.2  144 4  32  195 52 17  549 536  143381.20101103.192118
2010 11 03  19 26 56.652  2  23 05 30.25  -15 39 54.5  150 48 5   217 22 50  510 570  12923.20101103.193007
2010 11 03  19 36 41.812  2  00 19 31.18  -03 44 58.8  166 50 4   205 29 51  554 505  65679.20101103.193958
2010 11 03  19 53 28.414  2  00 46 39.34  -19 15 33.9  169 25 26  220 59 39  564 526  9222.20101103.195544
2010 11 03  19 59 35.331  2  01 13 00.58  -25 05 09.3  174 27 26  226 49 28  400 544  2010TV149.20101103.200142
2010 11 03  20 05 52.656  2  01 16 13.07  -08 00 48.3  173 41 44  209 46 9   593 496  137062.20101103.200900
2010 11 04  16 13 37.545  2  12 37 36.57  +60 55 57.9  41  37 54  141 6  45  539 603  89830.20101104.161546
2010 11 04  16 24 53.227  2  21 17 31.13  -27 50 11.1  168 28 54  229 34 32  504 541  4055.20101104.162803
2010 11 04  16 33 17.047  2  21 25 49.26  +03 53 47.1  168 24 36  197 52 41  573 526  241370.20101104.163524
2010 11 04  16 40 15.725  2  21 30 17.50  +45 31 01.2  168 0  45  156 22 48  614 447  2007VC138.20101104.164327
2010 11 04  16 49 25.676  2  22 31 10.25  +05 57 19.9  180 40 56  195 49 54  532 466  143381.20101104.165241
2010 11 04  16 58 25.170  2  23 09 08.38  -15 19 08.7  187 55 39  217 5  28  569 494  12923.20101104.170141
2010 11 04  17 09 07.387  1  00 16 35.31  -04 05 43.8  21  6  4   18  15 18  537 444  65679.20101104.171222
2010 11 04  17 16 53.140  1  00 46 11.24  -19 14 15.7  26  28 42  3   5  40  589 438  9222.20101104.171907
2010 11 04  17 28 10.059  1  01 14 10.34  -07 46 10.2  30  42 27  14  32 55  549 520  137062.20101104.173125
2010 11 04  17 36 37.952  1  02 02 05.95  +11 51 26.8  40  36 47  34  9  18  584 477  2010TC55.20101104.173848
2010 11 04  17 44 27.379  1  02 03 47.55  -13 53 35.5  38  58 27  8   24 19  599 526  2001TX44.20101104.174742
2010 11 04  17 52 20.552  1  02 05 25.43  -14 50 03.9  37  25 23  7   28 21  558 509  25916.20101104.175528
2010 11 04  18 00 44.804  1  02 25 32.42  -01 12 59.2  40  23 45  21  5  0   561 455  242211.20101104.180359
2010 11 04  18 09 54.691  1  02 26 17.15  +32 34 09.0  38  17 11  54  50 45  535 587  88959.20101104.181308
2010 11 04  18 18 03.978  1  03 00 14.67  +15 15 37.5  44  45 40  37  32 38  547 515  2728.20101104.182017
2010 11 04  18 24 07.291  1  03 00 34.31  +03 08 47.8  43  17 8   25  26 2   630 509  2002TY57.20101104.182715
2010 11 04  18 32 56.711  1  03 47 17.23  +01 35 09.9  52  46 15  23  50 54  535 468  219071.20101104.183606
2010 11 04  18 42 06.191  1  05 13 41.59  +06 06 16.7  72  3  59  28  19 24  582 516  100926.20101104.184519
2010 11 04  19 08 04.403  1  06 57 51.08  +62 25 29.9  91  13 47  84  29 37  621 607  2005QY151.20101104.191118
2010 11 04  19 17 17.683  1  03 56 54.14  -18 09 35.9  43  56 12  4   7  2   652 474  248083.20101104.191932
2010 11 04  19 40 11.146  2  23 10 12.03  +24 20 13.3  147 42 55  177 26 0   546 521  2010_LY63.20101104.194219
2010 11 04  19 59 19.727  1  06 06 52.74  +01 32 44.4  65  59 41  23  45 26  583 502  153842.20101104.200231
2010 11 04  20 08 32.144  1  03 47 06.34  +01 31 22.3  28  44 55  23  49 32  621 452  1997US9.20101104.201042
2010 11 04  20 35 21.134  1  06 54 27.26  +00 45 07.0  68  50 56  22  57 18  629 452  17181.20101104.203834
2010 11 05  01 16 44.856  1  10 37 48.19  +32 00 40.2  54  8  20  54  8  55  597 555  4954.20101105.011951
2010 11 05  15 17 56.336  2  10 08 50.62  +60 35 57.4  17  27 24  141 30 14  519 580  3122.20101105.152108
2010 11 05  16 02 42.421  2  21 40 15.91  +44 12 31.1  178 56 28  157 40 4   616 402  2007VC138.20101105.160558
2010 11 05  16 11 53.586  2  22 32 46.50  +06 03 03.0  189 31 45  195 45 7   611 452  143381.20101105.161503
2010 11 05  16 41 09.654  1  00 13 25.10  -04 27 25.0  26  20 10  17  52 32  511 617  65679.20101105.164425
2010 11 05  16 49 07.019  1  00 45 40.84  -19 12 40.3  32  19 45  3   6  36  552 424  9222.20101105.165119
2010 11 05  17 13 09.176  1  02 04 21.24  -14 42 28.9  45  57 28  7   35 12  649 522  25916.20101105.171616
2010 11 05  17 29 01.705  1  02 08 37.86  +09 09 55.2  43  9  26  31  27 21  624 487  2010TC55.20101105.173118
2010 11 05  17 35 16.623  1  02 18 33.66  +33 35 43.3  44  2  27  55  51 48  554 577  88959.20101105.173833
2010 11 05  17 43 04.828  1  02 59 16.10  +15 10 26.1  52  17 26  37  26 30  574 518  2728.20101105.174516
2010 11 05  17 50 15.544  1  03 00 15.55  +03 13 25.9  50  42 28  25  29 55  639 423  2002TY57.20101105.175327
2010 11 05  17 58 14.788  1  03 45 00.80  +00 39 06.4  59  53 57  22  54 17  578 446  219071.20101105.180125
2010 11 05  19 06 22.746  2  21 41 31.10  +44 01 59.7  133 8  56  157 47 33  551 556  2007VC138.20101105.190932
2010 11 05  19 25 09.453  2  22 32 58.91  +06 03 52.3  141 7  27  195 40 19  490 554  143381.20101105.192821
2010 11 05  19 32 46.725  2  23 13 26.67  -14 53 45.6  149 21 14  216 36 59  510 546  12923.20101105.193556
2010 11 05  19 40 42.794  2  00 12 57.95  -04 30 09.3  162 12 36  206 15 4   514 490  65679.20101105.194349
2010 11 05  19 48 29.663  2  00 45 36.84  -19 12 28.2  168 24 55  220 56 31  489 517  9222.20101105.195042
2010 11 05  19 54 44.121  2  01 06 22.97  -25 33 54.5  172 4  10  227 18 6   425 543  2010TV149.20101105.195650
2010 11 05  20 01 18.281  2  01 11 39.89  -07 27 46.5  171 43 23  209 12 58  559 496  137062.20101105.200425
2010 11 05  20 09 46.621  2  01 56 08.86  -14 02 07.6  180 40 28  215 48 11  452 496  2001TX44.20101105.201257
2010 11 05  20 18 25.028  2  02 04 12.36  -14 41 29.0  180 34 4   216 27 15  578 508  25916.20101105.202131
2010 11 05  20 27 45.584  2  23 12 41.74  +24 30 54.3  135 24 20  177 14 53  501 558  2010_LY63.20101105.202953
2010 11 05  20 36 36.975  2  02 09 24.57  +08 48 17.8  177 20 23  192 59 2   494 545  2010TC55.20101105.203850
2010 11 05  20 43 01.162  2  02 17 28.27  +33 43 56.2  177 54 26  168 7  5   629 377  88959.20101105.204613
2010 11 05  21 11 08.201  2  02 59 07.03  +15 09 40.6  181 7  24  186 39 26  550 441  2728.20101105.211317
2010 11 05  21 17 54.804  2  03 00 10.84  +03 14 09.0  179 38 43  198 33 28  516 498  2002TY57.20101105.212107
2010 11 05  21 27 17.424  2  03 44 38.60  +00 30 49.1  188 24 58  201 18 9   582 471  219071.20101105.213033
2010 11 05  21 35 08.483  2  03 57 22.26  -18 57 27.9  189 35 10  220 45 15  497 496  248083.20101105.213722
2010 11 05  21 45 32.603  1  05 11 58.99  +04 08 57.5  24  40 18  26  26 25  648 446  100926.20101105.214840
2010 11 05  22 06 53.276  1  05 33 06.55  +37 26 02.5  24  36 12  59  41 11  595 631  2010TR55.20101105.220901
2010 11 05  22 13 08.027  1  06 06 24.64  +01 31 49.6  31  20 59  23  47 37  646 463  153842.20101105.221623
2010 11 05  22 22 21.237  1  06 59 00.59  +00 26 39.6  42  12 17  22  40 37  587 427  17181.20101105.222529
2010 11 05  22 31 54.175  1  07 17 08.74  +63 52 00.8  44  2  59  85  59 43  587 644  2005QY151.20101105.223503
2010 11 05  22 39 53.008  1  10 09 21.46  +60 36 01.3  85  1  11  82  38 35  611 585  3122.20101105.224309
2010 11 05  23 17 56.474  2  03 44 29.62  +00 26 25.3  160 38 33  201 20 2   559 518  1997US9.20101105.232009
2010 11 06  17 34 04.230  2  21 51 42.45  +42 36 03.4  157 52 2   159 13 43  588 503  2007VC138.20101106.173720
2010 11 06  17 43 04.833  2  22 34 36.25  +06 09 33.3  166 8  19  195 36 19  555 494  143381.20101106.174616
2010 11 08  17 09 20.475  1  01 35 51.08  -14 15 05.8  36  50 52  8   3  36  626 501  2001TX44.20101108.171228
2010 11 08  17 31 41.725  2  12 59 00.88  +60 29 28.6  23  25 34  141 34 19  499 610  89830.20101108.173348
2010 11 08  17 41 33.353  2  21 55 06.26  +02 03 43.4  154 39 23  199 41 13  488 538  241370.20101108.174345
2010 11 08  17 48 07.472  2  22 14 37.48  +38 54 25.4  158 4  30  162 55 6   637 521  2007VC138.20101108.175121
2010 11 08  17 58 11.539  2  22 38 13.25  +06 22 27.1  161 17 13  195 23 2   568 514  143381.20101108.180126
2010 11 08  18 07 21.387  2  23 24 21.48  -13 47 22.2  170 30 41  215 31 57  523 516  12923.20101108.181032
2010 11 08  18 16 00.754  2  00 04 23.96  -05 28 09.7  178 21 8   207 14 4   596 485  65679.20101108.181914
2010 11 08  18 24 41.773  2  00 18 11.52  +10 17 36.8  179 37 35  191 29 39  502 455  153814.20101108.182754
2010 11 08  18 33 04.605  2  00 44 11.44  -19 06 35.7  183 59 29  220 52 12  505 495  9222.20101108.183512
2010 11 08  18 45 23.524  2  01 05 26.90  -06 37 26.9  186 14 0   208 24 8   573 465  137062.20101108.184832
2010 11 08  18 53 12.232  2  01 51 59.08  +36 41 50.1  196 8  12  165 11 9   637 389  88959.20101108.185622
2010 11 08  19 01 18.428  2  02 01 09.05  -14 16 46.8  196 9  35  216 4  18  571 488  25916.20101108.190426
2010 11 08  19 20 34.300  1  02 56 11.79  +14 54 15.3  24  8  41  37  13 16  544 491  2728.20101108.192244
2010 11 08  19 26 40.645  1  02 59 12.92  +03 30 10.9  23  21 22  25  49 45  569 478  2002TY57.20101108.192947
2010 11 08  19 35 09.765  1  03 27 22.10  +38 41 18.6  28  15 14  60  57 50  615 511  2004RJ217.20101108.193821
2010 11 08  19 43 29.317  1  03 37 31.69  -02 17 18.2  28  41 52  20  0  50  576 436  219071.20101108.194642
2010 11 08  19 52 00.783  1  03 58 32.56  -21 04 31.6  31  41 23  1   15 21  655 413  248083.20101108.195416
2010 11 08  19 58 25.831  1  05 07 36.11  -00 32 25.6  47  28 4   21  42 34  587 410  100926.20101108.200135
2010 11 08  20 14 28.843  1  06 04 51.32  +01 31 13.0  57  45 1   23  44 29  599 492  153842.20101108.201742
2010 11 08  20 25 26.780  2  23 19 53.36  +24 59 08.2  134 50 30  176 46 54  534 539  2010_LY63.20101108.202743
2010 11 08  20 37 27.047  1  08 19 00.12  +66 51 02.8  85  1  25  88  54 36  594 600  2005QY151.20101108.204036
2010 11 08  21 47 49.192  2  03 37 19.35  -02 22 10.6  178 29 4   204 10 17  587 444  1997US9.20101108.214958
2010 11 08  23 02 18.769  1  10 48 58.48  +31 05 14.4  86  39 43  53  11 21  637 557  4954.20101108.230526
2010 11 09  16 41 34.675  2  13 03 43.98  +60 22 51.9  36  11 16  141 39 43  508 603  89830.20101109.164345
2010 11 09  16 51 38.987  2  21 36 34.09  -28 05 53.7  161 36 16  229 49 18  451 543  4055.20101109.165447
2010 11 09  17 00 58.907  2  22 02 00.38  +01 38 34.7  165 35 25  200 7  10  580 506  241370.20101109.170309
2010 11 09  17 08 18.059  2  22 26 16.32  +36 46 45.5  169 57 4   165 3  18  565 445  2007VC138.20101109.171127
2010 11 09  17 17 07.026  2  22 40 03.42  +06 28 58.9  171 3  10  195 17 19  571 390  143381.20101109.172023
2010 11 09  17 34 03.740  2  23 27 49.52  -13 25 34.7  178 42 51  215 10 57  482 496  12923.20101109.173710
2010 11 09  17 43 03.401  2  00 21 48.32  +10 24 12.5  190 0  19  191 24 29  605 408  153814.20101109.174615
2010 11 09  17 52 04.313  2  00 43 45.29  -19 04 18.5  193 11 17  220 50 52  563 460  9222.20101109.175417
2010 11 09  17 57 13.803  2  00 52 29.04  -26 20 21.1  194 4  55  228 6  30  393 504  2010TV149.20101109.175921
2010 11 09  18 03 20.166  2  01 03 32.36  -06 20 31.1  195 18 38  208 8  14  583 431  137062.20101109.180628
2010 11 09  18 15 48.326  1  01 28 19.51  -14 16 36.5  17  20 43  8   4  33  562 474  2001TX44.20101109.181855
2010 11 09  18 26 00.326  1  01 42 44.63  +37 37 46.1  18  26 1   59  56 42  470 524  88959.20101109.182910
2010 11 09  18 35 52.315  1  02 00 11.53  -14 08 01.5  20  16 37  8   12 17  600 500  25916.20101109.183902
2010 11 09  18 51 25.676  1  02 55 13.42  +14 49 06.5  30  13 17  37  7  29  541 509  2728.20101109.185335
2010 11 09  18 57 10.359  1  02 58 54.04  +03 36 10.7  29  40 51  25  54 49  578 510  2002TY57.20101109.190023
2010 11 09  19 05 41.147  1  03 26 39.53  +38 38 12.1  34  28 35  60  53 58  611 535  2004RJ217.20101109.190854
2010 11 09  19 13 51.038  1  03 35 04.82  -03 13 08.0  34  30 17  19  4  35  627 462  219071.20101109.191658
2010 11 09  19 21 59.568  1  03 58 54.51  -21 46 30.4  38  19 48  0   30 39  590 430  248083.20101109.192412
2010 11 09  19 28 24.601  1  05 06 07.88  -01 58 42.5  53  37 59  20  16 10  571 436  100926.20101109.193134
2010 11 09  21 44 16.267  2  23 22 26.07  +25 08 07.6  114 42 59  176 37 48  547 575  2010_LY63.20101109.214625
2010 11 09  22 12 05.951  1  06 04 09.82  +01 31 39.8  27  7  41  23  48 4   532 466  153842.20101109.221516
2010 11 09  22 19 45.895  1  07 17 32.51  -00 47 49.9  43  31 57  21  25 30  568 436  17181.20101109.222300
2010 11 09  22 30 45.793  1  08 46 11.97  +67 31 50.2  62  28 38  89  36 44  626 613  2005QY151.20101109.223353
2010 11 09  22 39 49.935  1  10 15 33.54  +60 41 02.9  82  37 52  82  44 0   616 564  3122.20101109.224256
2010 11 09  22 48 56.083  1  10 51 41.70  +30 51 12.9  89  42 28  52  57 29  607 551  4954.20101109.225206
2010 11 09  22 59 24.177  2  03 34 42.74  -03 21 54.3  158 54 25  205 7  26  563 486  1997US9.20101109.230132
2010 11 10  00 27 26.006  2  05 23 07.85  -15 55 20.4  163 56 1   217 42 12  573 552  11405.20101110.003036
2010 11 10  16 59 03.166  2  13 08 30.95  +60 15 47.3  32  0  11  141 48 1   512 575  89830.20101110.170114
2010 11 10  17 08 49.322  2  21 40 20.70  -28 07 03.8  157 15 53  229 50 3   480 550  4055.20101110.171205
2010 11 10  17 17 37.402  2  22 09 05.76  +01 13 09.0  162 11 59  200 32 17  593 515  241370.20101110.171944
2010 11 10  17 24 24.897  2  22 38 41.30  +34 19 00.3  168 1  59  167 29 58  642 480  2007VC138.20101110.172740
2010 11 10  17 33 04.069  2  22 42 01.06  +06 36 00.3  166 34 18  195 10 4   625 488  143381.20101110.173617
2010 11 10  17 42 05.668  2  23 31 16.95  -13 03 25.8  176 36 29  214 48 28  594 507  12923.20101110.174521
2010 11 10  17 51 26.018  2  00 25 21.67  +10 30 49.4  187 47 18  191 17 20  568 437  153814.20101110.175436
2010 11 10  18 00 06.118  2  00 43 18.86  -19 01 47.4  190 4  50  220 48 2   586 471  9222.20101110.180219
2010 11 10  18 05 51.358  2  00 48 42.70  -26 29 51.3  190 0  15  228 15 36  423 526  2010TV149.20101110.180758
2010 11 10  18 11 54.884  2  01 01 37.53  -06 02 50.1  191 41 59  207 50 12  616 445  137062.20101110.181508
2010 11 10  18 23 40.949  2  01 21 03.83  -14 16 07.4  193 34 47  216 3  10  564 500  2001TX44.20101110.182648
2010 11 10  18 46 28.721  1  01 59 14.22  -13 58 47.5  16  23 44  8   19 54  588 588  25916.20101110.184935
2010 11 10  19 04 28.617  1  02 54 13.51  +14 43 50.2  25  42 56  37  2  43  522 498  2728.20101110.190637
2010 11 10  19 11 05.268  1  02 58 34.10  +03 42 40.4  25  7  23  26  1  56  569 489  2002TY57.20101110.191412
2010 11 10  19 19 44.915  1  03 25 54.65  +38 34 37.5  29  45 41  60  51 1   640 500  2004RJ217.20101110.192301
2010 11 10  19 28 03.763  1  00 52 29.71  +15 34 55.9  349 21 27  37  58 50  551 426  4688.20101110.193112
2010 11 10  19 36 54.930  1  03 32 29.83  -04 10 34.4  27  5  29  18  8  1   614 446  219071.20101110.194007
2010 11 10  19 44 56.232  1  03 59 15.83  -22 29 40.6  31  39 23  359 48 7   646 404  248083.20101110.194703
2010 11 10  19 51 10.651  1  05 04 34.78  -03 24 05.3  46  31 34  18  51 7   639 447  100926.20101110.195423
2010 11 10  19 59 00.388  1  05 22 13.23  -16 03 57.9  48  55 45  6   10 39  549 508  11405.20101110.200211
2010 11 10  20 14 16.862  1  06 03 31.47  +01 32 21.4  55  30 12  23  46 22  563 455  153842.20101110.201730
2010 11 10  20 24 53.329  2  23 24 40.40  +25 15 46.8  134 12 54  176 30 8   578 551  2010_LY63.20101110.202706
2010 11 10  20 47 12.661  2  23 43 49.37  -04 09 10.7  133 21 44  205 51 48  614 475  Pasiphae.20101110.204922
2010 11 10  20 56 05.213  1  07 22 17.91  -01 06 46.2  64  41 29  21  4  50  643 435  17181.20101110.205912
2010 11 10  21 37 56.456  1  10 16 48.51  +60 43 00.5  97  25 8   82  45 23  639 536  3122.20101110.214109
2010 11 10  21 48 04.417  1  03 32 16.68  -04 15 36.9  354 9  35  18  6  36  626 380  1997US9.20101110.215019
2010 11 11  17 38 29.280  2  13 13 12.68  +60 08 33.3  22  18 52  141 55 10  529 631  89830.20101111.174109
2010 11 11  18 00 11.296  2  22 16 10.22  +00 48 08.1  152 19 25  200 56 23  566 533  241370.20101111.180259
2010 11 11  18 08 40.288  2  22 44 02.43  +06 43 20.2  157 9  48  195 1  51  523 492  143381.20101111.181205
2010 11 11  18 18 04.362  2  22 51 34.71  +31 30 47.1  156 46 12  170 17 29  513 513  2007VC138.20101111.182147
2010 11 11  18 29 27.716  2  23 34 43.47  -12 40 54.2  164 36 34  214 24 50  535 527  12923.20101111.183246
2010 11 11  18 39 46.796  2  00 28 49.71  +10 37 21.8  175 34 45  191 9  42  602 439  153814.20101111.184312
2010 11 11  18 49 40.710  2  00 42 52.76  -18 59 00.4  176 34 43  220 43 55  585 492  9222.20101111.185157
2010 11 11  18 57 13.240  2  00 44 44.00  -26 38 28.0  175 9  42  228 22 38  364 553  2010TV149.20101111.185921
2010 11 11  19 05 08.493  2  01 13 37.25  -14 13 47.4  180 22 31  215 59 29  597 519  2001TX44.20101111.190834
2010 11 11  19 15 16.933  2  01 22 31.31  +39 25 20.3  180 17 55  162 25 30  650 388  88959.20101111.191843
2010 11 11  19 35 49.391  2  01 58 17.04  -13 49 00.6  183 50 49  215 35 12  596 505  25916.20101111.193857
2010 11 11  19 47 07.303  2  02 51 54.82  -08 51 51.8  194 24 34  210 40 8   434 610  2010TC55.20101111.194952
2010 11 11  19 55 35.241  2  02 53 12.16  +14 38 26.3  192 41 32  187 11 47  656 409  2728.20101111.195818
2010 11 11  20 03 23.348  2  02 58 13.86  +03 49 39.8  191 55 13  197 59 23  535 465  2002TY57.20101111.200649
2010 11 11  20 16 32.486  1  03 25 07.89  +38 30 32.4  14  22 4   60  48 49  577 494  2004RJ217.20101111.202003
2010 11 11  20 27 36.469  1  03 29 50.60  -05 08 27.5  12  45 30  17  11 52  546 429  219071.20101111.203058
2010 11 11  21 07 06.361  2  03 59 37.32  -23 13 59.3  191 16 45  225 1  48  555 476  248083.20101111.210936
2010 11 11  21 19 55.528  1  05 02 58.25  -04 48 28.6  22  55 23  17  29 17  549 425  100926.20101111.212347
2010 11 11  21 55 37.932  1  06 02 43.94  +01 33 29.8  28  55 31  23  49 59  550 454  153842.20101111.215902
2010 11 11  22 22 03.921  1  07 27 52.79  -01 28 47.6  43  34 36  20  44 43  571 402  17181.20101111.222547
2010 11 11  22 41 52.520  1  10 18 04.29  +60 45 07.8  80  47 37  82  47 50  596 565  3122.20101111.224544
2010 11 11  22 52 21.605  1  10 57 02.40  +30 23 01.4  88  13 9   52  29 13  600 554  4954.20101111.225559
2010 11 11  23 04 32.407  2  03 29 36.18  -05 14 28.6  154 21 6   206 59 34  538 541  1997US9.20101111.230714
2010 11 12  00 01 46.387  2  00 52 12.62  +15 10 01.4  100 42 33  186 34 22  611 604  4688.20101112.000528
2010 11 14  18 19 21.810  2  23 29 54.31  +21 51 12.4  163 1  20  179 55 43  502 496  2007VC138.20101114.182229
2010 11 14  18 28 32.132  2  23 44 20.87  -11 36 33.3  164 17 29  213 20 35  537 519  12923.20101114.183141
2010 11 14  18 37 53.190  2  23 50 27.66  -06 57 52.9  163 28 24  208 42 15  559 506  65679.20101114.184100
2010 11 14  18 55 13.154  2  00 38 18.88  +10 55 03.9  171 7  15  190 51 39  573 440  153814.20101114.185829
2010 11 14  19 04 34.372  2  00 41 43.31  -18 49 53.9  169 36 15  220 34 12  568 500  9222.20101114.190643
2010 11 14  19 11 31.411  2  00 50 53.38  +41 37 12.9  170 24 3   160 13 20  607 379  88959.20101114.191446
2010 11 14  19 20 55.653  2  00 52 09.66  -13 56 53.8  168 6  22  215 41 5   571 551  2001TX44.20101114.192406
2010 11 14  19 34 07.769  2  01 55 43.79  -13 19 18.6  180 40 28  215 5  24  570 491  25916.20101114.193720
2010 11 14  19 43 10.134  2  02 50 18.40  +14 23 07.8  192 5  44  187 26 53  566 411  2728.20101114.194522
2010 11 14  19 58 49.595  1  03 22 06.73  -07 51 00.3  15  3  51  14  29 44  582 465  219071.20101114.200157
2010 11 14  20 08 02.433  1  03 22 51.35  +38 16 47.2  12  57 8   60  35 17  635 500  2004RJ217.20101114.201115
2010 11 14  20 37 59.391  2  04 00 33.75  -25 16 38.4  195 51 52  227 4  48  578 476  248083.20101114.204015
2010 11 14  20 51 23.510  1  04 58 28.48  -08 23 08.4  25  58 11  13  54 38  592 464  100926.20101114.205430
2010 11 14  21 06 52.401  1  06 00 14.70  +01 38 40.8  37  33 26  23  54 31  586 452  153842.20101114.211006
2010 11 14  21 27 40.400  1  07 44 46.63  -02 34 30.1  58  27 12  19  37 8   626 454  17181.20101114.213055
2010 11 14  21 37 06.091  1  10 21 02.39  +60 53 18.1  94  46 1   82  55 24  622 550  3122.20101114.214020
2010 11 14  21 57 24.801  1  03 21 55.71  -07 55 14.1  345 16 48  14  27 52  631 393  1997US9.20101114.215934
2010 11 14  22 16 14.738  1  11 04 37.71  +29 41 35.6  96  11 15  51  47 53  649 540  4954.20101114.221927
2010 11 15  00 24 11.667  2  05 17 12.35  -16 44 43.5  158 20 36  218 30 58  575 528  11405.20101115.002727
2010 11 15  16 07 15.123  2  13 29 54.78  +59 41 40.9  45  24 29  142 20 6   532 579  89830.20101115.160921
2010 11 15  16 16 56.591  2  21 58 31.42  -28 03 44.9  169 52 50  229 47 39  532 530  4055.20101115.162006
2010 11 15  16 25 36.000  2  23 41 44.60  +18 29 57.1  193 29 51  183 19 46  564 429  2007VC138.20101115.162851
2010 11 15  16 55 52.837  1  00 41 03.35  +11 00 07.4  19  41 9   33  20 56  654 521  153814.20101115.165902
2010 11 15  17 03 43.739  1  00 41 02.76  +42 09 57.1  17  41 7   64  29 2   460 549  88959.20101115.170653
2010 11 15  17 12 12.912  1  00 41 24.22  -18 46 48.5  15  36 8   3   34 24  640 438  9222.20101115.171425
2010 11 15  17 18 50.653  1  00 45 49.68  -13 48 55.6  15  5  48  8   32 19  530 477  2001TX44.20101115.172158
2010 11 15  17 32 07.587  1  01 55 01.18  -13 09 53.7  29  2  10  9   9  18  623 509  25916.20101115.173519
2010 11 15  17 40 37.237  1  02 49 26.76  +14 18 32.9  40  36 35  36  35 41  525 512  2728.20101115.174246
2010 11 15  17 47 35.140  1  03 19 46.80  -08 38 53.2  46  21 39  13  37 48  615 505  219071.20101115.175047
2010 11 16  00 57 00.986  2  03 21 56.71  +38 10 30.0  120 30 10  163 36 31  486 615  2004RJ217.20101116.010010
2010 11 16  01 05 32.983  2  04 56 45.03  -09 38 34.2  141 51 52  211 23 58  487 576  100926.20101116.010847
2010 11 16  01 16 34.033  2  05 15 51.33  -16 53 52.3  143 54 0   218 39 4   523 583  11405.20101116.011949
2010 11 16  17 19 33.952  2  13 34 00.40  +59 34 44.6  27  17 43  142 29 48  507 542  89830.20101116.172042
2010 11 16  17 28 04.559  2  00 24 48.94  -27 03 53.1  187 35 16  228 49 16  379 475  2010TV149.20101116.172916
2010 11 16  17 32 44.217  2  00 29 54.95  +42 42 31.5  187 58 1   159 10 16  647 417  88959.20101116.173400
2010 11 16  17 42 51.504  1  01 54 15.60  -12 59 20.2  25  11 58  9   20 26  544 488  25916.20101116.174425
2010 11 16  17 48 31.979  1  03 17 10.55  -09 30 34.3  44  28 57  12  46 8   613 516  219071.20101116.174950
2010 11 16  17 53 57.391  1  03 21 24.70  +38 06 32.0  44  14 44  60  21 28  559 488  2004RJ217.20101116.175620
2010 11 16  18 19 02.437  1  03 17 06.80  -09 31 36.5  36  50 29  12  46 2   566 506  1997US9.20101116.182118
2010 11 16  18 43 59.767  1  04 55 40.19  -10 23 03.4  55  12 38  11  51 34  561 527  100926.20101116.184532
2010 11 16  21 48 32.663  2  05 01 31.60  +25 20 03.8  191 35 42  176 33 30  628 405  152978.20101116.215049
2010 11 16  22 31 40.071  2  01 18 38.21  -09 51 03.4  124 58 39  211 33 12  592 556  7336.20101116.223357
2010 11 16  23 26 58.750  2  18 10 31.61  +65 14 48.3  4   23 0   136 48 13  485 596  2002OS4.20101116.232905
2010 11 16  23 40 27.846  2  02 20 09.24  +00 19 01.8  123 5  49  201 24 29  490 576  242211.20101116.234414
2010 11 16  23 49 58.394  2  02 49 33.77  -02 09 49.8  128 4  31  203 53 41  598 550  154300.20101116.235306
2010 11 17  20 29 17.755  2  22 56 11.82  -01 21 35.0  119 3  19  203 4  7   546 588  241370.20101117.203025
2010 11 17  20 33 00.228  2  22 41 23.41  +05 16 20.6  114 24 12  196 27 2   489 553  2007SJ.20101117.203512
2010 11 17  21 02 34.355  2  18 29 59.40  +78 14 08.3  45  16 49  123 49 1   555 644  1999TK12.20101117.210445
2010 11 17  21 12 44.921  2  00 17 22.91  +43 13 14.5  128 38 44  158 35 46  645 572  88959.20101117.211359
2010 11 17  21 26 37.091  2  01 53 25.81  -12 46 55.6  148 58 37  214 30 6   567 589  25916.20101117.212750
2010 11 17  21 32 13.990  2  02 12 13.12  -09 58 46.3  152 14 9   211 42 44  521 547  2002UR3.20101117.213423
2010 11 17  21 37 31.349  2  02 19 55.72  +00 27 07.6  152 50 48  201 17 52  534 522  242211.20101117.214039
2010 11 17  22 45 42.060  2  02 47 13.05  -01 55 56.7  142 34 49  203 40 20  538 532  154300.20101117.224856
2010 11 17  22 54 39.765  2  02 25 05.59  +13 57 49.7  134 51 5   187 47 21  609 532  2007TD71.20101117.225619
2010 11 17  23 00 39.461  2  02 56 37.41  +04 37 36.4  141 11 23  197 7  18  526 584  2002TY57.20101117.230248
2010 11 17  23 09 04.945  2  03 14 00.90  -10 32 06.9  143 26 42  212 16 1   611 588  219071.20101117.231011
2010 11 17  23 15 05.181  2  03 20 29.14  +37 59 15.8  143 43 28  163 50 15  461 492  2004RJ217.20101117.231717
2010 11 17  23 21 36.413  2  04 53 56.95  -11 31 24.1  165 15 12  213 18 8   582 559  100926.20101117.232213
2010 11 17  23 25 50.699  2  04 56 18.99  +26 34 18.6  164 55 2   175 16 35  635 477  152978.20101117.232757
2010 11 18  22 18 35.079  2  03 19 45.43  +37 53 11.9  156 43 44  163 57 0   465 409  2004RJ217.20101118.222043
2010 11 18  22 28 23.393  2  21 11 35.51  +47 40 22.5  62  9  32  154 11 6   558 661  154029.20101118.223135
2010 11 18  22 38 02.332  2  01 52 43.16  -12 35 30.2  129 54 52  214 17 46  491 616  25916.20101118.223917
2010 11 18  22 43 19.944  2  02 08 40.62  -09 54 01.5  132 34 8   211 36 49  527 585  2002UR3.20101118.224526
2010 11 18  22 51 14.876  2  23 43 56.49  +26 09 27.8  94  26 37  175 36 15  554 656  2010_LY63.20101118.225327
2010 11 18  23 25 55.885  2  18 18 58.52  +77 30 53.6  5   31 6   124 34 13  509 635  1999TK12.20101118.232809
2010 11 18  23 39 40.718  2  03 11 23.34  -11 21 55.0  134 6  48  213 6  0   513 575  1997US9.20101118.234155
2010 11 18  23 46 06.087  2  03 11 21.70  -11 22 23.2  132 30 49  213 6  2   513 580  219071.20101118.234714
2010 11 18  23 50 19.389  2  02 44 44.78  -01 40 43.5  124 48 36  203 24 9   519 567  154300.20101118.235331
2010 11 19  00 09 37.956  2  04 51 08.39  +27 44 20.4  151 40 27  174 5  38  645 492  152978.20101119.001154
2010 11 19  00 16 52.871  2  04 52 26.54  -12 27 02.5  150 1  55  214 12 35  512 588  100926.20101119.001739
2010 11 19  01 14 02.223  2  05 11 45.39  -17 17 53.9  140 33 9   219 2  38  501 579  11405.20101119.011611
2010 11 19  01 21 38.393  2  05 12 36.64  +28 23 49.9  138 58 55  173 25 51  608 588  2010SY11.20101119.012351
2010 11 19  02 26 25.163  2  05 20 40.79  +18 27 34.9  124 40 56  183 20 23  518 544  68278.20101119.022834
2010 11 22  22 32 14.125  2  01 29 37.37  -08 22 28.6  121 40 34  210 4  30  540 560  7336.20101122.223427
2010 11 22  22 38 08.957  2  01 55 21.96  -09 30 08.8  126 36 27  211 12 27  509 540  2002UR3.20101122.224021
2010 11 22  22 44 33.384  2  23 53 21.73  +26 29 39.2  94  33 13  175 15 46  584 652  2010_LY63.20101122.224648
2010 11 23  01 32 38.100  2  03 16 42.25  +37 24 17.0  103 20 1   164 24 37  434 606  2004RJ217.20101123.013448
2010 11 23  16 44 25.865  2  13 58 17.06  +58 55 03.0  35  15 34  143 6  57  533 569  89830.20101123.164538
2010 11 23  16 49 47.637  2  17 45 30.57  +74 22 19.9  91  24 17  127 36 39  599 646  1999TK12.20101123.165201
2010 11 23  16 58 47.732  2  18 27 01.87  +69 47 21.0  99  14 43  132 9  47  577 588  2002OS4.20101123.170058
2010 11 23  17 08 23.844  2  20 38 59.95  +29 50 18.6  129 14 1   171 59 12  583 543  2001RY11.20101123.171033
2010 11 23  17 17 07.001  2  21 11 00.18  -13 38 29.8  135 0  43  215 22 1   483 495  207945.20101123.171918
2010 11 23  17 25 19.795  2  21 19 05.08  +47 33 39.8  135 9  27  154 16 48  553 539  154029.20101123.172828
2010 11 23  17 34 50.578  2  21 31 23.62  +04 28 52.2  135 39 31  197 15 33  556 589  243025.20101123.173758
2010 11 23  17 44 44.110  2  22 18 00.88  -05 15 53.9  144 49 40  206 59 29  528 489  2010NW117.20101123.174654
2010 11 23  17 51 43.622  2  22 43 30.14  +05 04 29.3  149 26 30  196 39 35  573 507  2007SJ.20101123.175358
2010 11 23  18 03 55.550  2  22 56 56.33  -09 38 57.8  149 45 24  211 22 20  627 576  2001VB2.20101123.180611
2010 11 23  18 11 45.465  2  23 11 56.97  +08 24 46.9  151 32 0   193 20 18  538 534  143381.20101123.181257
2010 11 23  18 16 36.684  2  23 16 24.19  +44 26 32.5  151 39 38  157 23 16  621 503  88959.20101123.181751
2010 11 23  18 22 21.650  2  23 30 46.96  -02 53 20.7  153 34 54  204 37 19  598 474  241370.20101123.182334
2010 11 23  18 26 44.627  2  23 33 42.95  +01 23 09.9  153 12 0   200 21 2   578 382  237551.20101123.182822
2010 11 23  18 31 37.867  2  23 37 33.65  -08 13 57.6  152 57 9   209 57 17  445 429  65679.20101123.183349
2010 11 23  18 38 07.201  2  00 09 46.09  +03 16 12.9  159 22 51  198 28 41  504 469  19764.20101123.184016
2010 11 23  18 44 09.112  2  00 09 56.03  -08 34 17.6  157 53 1   210 17 59  489 532  12923.20101123.184516
2010 11 23  18 49 05.915  2  00 43 30.01  -02 07 10.6  165 2  6   203 52 17  513 500  137062.20101123.185053
2010 11 25  17 54 05.257  1  02 54 43.41  -16 14 43.0  28  36 4   6   4  1   424 583  219071.20101125.175518
2010 11 25  18 13 16.061  1  10 23 57.31  +61 43 08.0  135 33 27  83  46 15  596 468  3122.20101125.181353
2010 11 25  18 18 29.061  1  02 54 40.34  -16 15 24.0  22  27 23  6   4  1   453 476  1997US9.20101125.182037
2010 11 25  18 34 56.385  1  04 43 15.43  -17 10 08.7  45  26 52  5   5  37  464 512  100926.20101125.183534
2010 11 27  14 53 37.918  1  23 22 20.51  +09 02 53.4  18  51 21  31  23 43  409 525  143381.20101127.145447
2010 11 28  01 03 57.028  2  03 35 08.78  +16 36 42.0  110 5  57  185 9  22  509 645  11738.20101128.010607
2010 11 28  01 12 54.930  2  03 35 16.46  +16 36 46.2  107 52 57  185 9  10  552 546  11252.20101128.011509
